Car 0.0 597.5999999999999 59.200511999999996 674.4000000000001
Car 0.0 492.0 86.4 536.000256
Car 80.79974399999999 486.39974400000006 195.2 538.400256
Car 120.800256 598.400256 223.200256 674.4000000000001
Car 226.400256 591.999744 327.199744 675.999744
Car 256.799744 432.0 292.799488 452.799744
Car 330.399744 498.39974400000006 435.2 537.5999999999999
Car 351.200256 601.599744 430.39948799999996 675.999744
Car 455.19974400000007 610.400256 543.200256 681.5999999999999
Car 456.80025599999993 498.39974400000006 551.199744 537.5999999999999
Car 562.400256 602.4000000000001 662.4 697.599744
Car 666.399744 444.800256 702.400512 471.99974399999996
Car 666.399744 426.39974400000006 726.4 452.799744
Car 700.8 404.799744 727.199744 420.800256
Car 732.8 404.799744 828.8 471.200256
Car 750.400512 600.0 872.8002560000001 677.600256
Car 790.4 497.60025599999994 894.4005119999999 538.400256
Car 840.8002560000001 606.399744 984.8002560000001 698.4000000000001
Car 850.400256 436.79999999999995 1023.2002560000001 469.599744
Car 914.400256 502.400256 1020.8 536.000256
Car 920.8002560000001 588.0 1023.2002560000001 669.5999999999999
