Car 17.28 354.314446 195.84 481.816203
Car 0.0 395.96037099999995 18.56 486.942118
Car 483.2 388.27184 499.2 442.09224
Car 485.76 378.02069300000005 564.48 440.81024899999994
Car 611.84 335.09277699999996 669.44 390.83513899999997
Car 645.76 345.985261 678.4 395.96037099999995
Car 821.12 339.578038 843.52 361.362323
Car 868.48 307.54192300000005 894.72 323.560322
Car 869.76 252.440898 894.72 274.865837
Car 876.8 297.29077600000005 905.6 317.153099
Car 889.6 249.878282 947.2 273.584529
Car 890.88 319.715715 928.0 344.70327
Car 893.44 294.72815999999995 912.0 315.87179100000003
Car 899.84 290.88355299999995 920.96 314.5898
Car 904.32 277.428453 931.84 304.979307
Car 918.4 265.89599799999996 954.24 299.853392
Car 930.56 315.87179100000003 956.8 324.84163
Car 956.8 302.416691 993.28 324.84163
Car 973.44 248.596291 995.84 267.17730600000004
Car 992.0 251.15959 1002.24 272.303221
