Car 6.4 101.74820600000001 61.44 134.384656
Car 13.44 294.365344 37.12 307.164046
Car 56.96 561.85458 218.24 623.92729
Car 71.04 316.123206 204.8 379.475992
Car 116.48 108.147214 204.16 156.78186999999997
Car 136.32 97.90866399999999 151.68 108.147214
Car 344.96 66.55229 552.32 158.06126
Car 345.6 535.617824 579.2 652.724198
Car 348.16 308.44412200000005 538.24 390.994618
Car 685.44 563.13397 829.44 626.4867559999999
Car 725.76 317.403282 931.84 394.83416000000005
Car 727.68 85.10996200000001 907.52 152.942328
Car 899.2 556.734962 974.08 597.6905340000001
