Car 35.2 361.600128 95.36 419.20012799999995
Car 187.52 365.439744 246.4 409.59993599999996
Car 251.52 361.600128 309.12 408.320064
Car 312.32 370.55980800000003 371.2 405.75974399999996
Car 361.6 362.88 414.08 400.640256
Car 414.08 368.000064 471.04 401.920128
Car 461.44 368.000064 519.04 396.800064
Car 607.36 370.55980800000003 727.68 416.639808
Car 612.48 365.439744 670.08 389.12025600000004
Car 705.92 362.88 739.84 384.640128
Car 741.12 358.399872 787.2 384.640128
Car 810.88 358.399872 833.92 379.52006400000005
Car 813.44 368.000064 889.6 395.520192
Car 865.28 371.19974399999995 952.96 411.519744
Car 873.6 370.55980800000003 911.36 379.52006400000005
Car 944.0 368.64 1023.36 394.88025600000003
