Car 707.2 467.720449 1024.0 670.8262080000001
Car 32.64 356.877062 57.6 372.254124
Car 33.92 383.146608 61.44 397.24167900000003
Car 35.2 392.116447 82.56 435.685017
Car 41.6 345.985261 55.04 354.314446
Car 58.88 385.709224 78.72 404.289556
Car 62.72 347.266569 80.0 362.00297699999993
Car 78.72 304.33865299999997 204.16 381.864617
Car 115.2 386.990532 138.88 408.134163
Car 133.76 390.83513899999997 167.68 417.104002
Car 201.6 372.254124 220.16 393.3977550000001
Car 240.0 389.5531480000001 273.92 417.104002
Car 301.44 383.146608 328.96 399.80497799999995
Car 403.84 445.936164 570.24 544.605759
Car 442.24 409.415471 542.72 445.936164
Car 504.96 435.685017 606.08 509.367057
Car 548.48 398.52367 607.36 436.966325
Car 567.68 417.104002 664.96 472.20570999999995
Car 689.92 447.21747200000004 851.2 523.462128
