Car 0.0 210.000384 138.000384 444.99993600000005
Car 14.999552 142.00012800000002 238.000128 321.00019199999997
Car 152.99993600000002 124.99967999999998 291.00032000000004 264.0
Car 272.0 133.99987199999998 366.00012799999996 228.0
Car 391.999488 112.99967999999998 469.999616 182.999808
Car 417.99987200000004 60.0 597.9996160000001 179.000064
Car 435.999744 100.99967999999998 467.999744 111.99974399999999
Car 494.99955199999994 61.999871999999996 597.9996160000001 96.0
Car 524.0002559999999 220.99968 944.0 597.000192
Car 686.000128 86.999808 725.000192 132.999936
