Car 0.0 500.480256 84.48 594.560256
Car 62.08 540.159744 101.76 595.839744
Car 77.44 526.719744 125.44 587.52
Car 129.28 517.760256 257.28 574.719744
Car 181.12 526.719744 272.64 563.840256
Car 237.44 516.48 277.12 553.599744
Car 243.2 521.600256 286.08 567.680256
Car 257.28 516.48 295.68 557.439744
Car 273.92 522.8797440000001 296.32 562.5600000000001
Car 322.56 519.039744 339.84 530.559744
Car 336.0 522.8797440000001 355.84 530.559744
Car 341.12 508.160256 476.8 574.719744
Car 431.36 517.760256 485.76 547.839744
Car 480.0 526.719744 512.64 549.12
Car 498.56 522.8797440000001 524.16 545.28
Car 506.88 512.000256 522.88 522.8797440000001
Car 519.68 513.920256 574.72 562.5600000000001
Car 579.2 519.039744 596.48 542.7202560000001
Car 587.52 519.039744 612.48 545.28
Car 611.84 508.160256 1022.08 635.52
