Car 180.48 172.17041999999998 912.64 565.153047
Car 0.0 160.649262 39.04 235.53406500000003
Car 263.04 136.968168 512.0 225.93332700000002
Car 268.16 117.126552 294.4 134.407608
Car 348.16 117.126552 382.08 134.407608
Car 400.64 110.72651400000001 435.84 124.80755100000002
Car 404.48 127.36743 423.04 147.208365
Car 429.44 127.36743 484.48 151.04920500000003
Car 432.0 140.808327 558.08 188.171196
Car 448.0 106.886355 496.0 126.08715000000001
Car 479.36 134.407608 540.8 156.168963
Car 504.32 110.72651400000001 538.24 131.207589
Car 538.24 113.286393 547.2 122.24699099999998
Car 641.92 126.08715000000001 764.16 176.010579
Car 872.96 118.406832 903.04 144.648486
