Person 475.67769599999997 129.17325 970.215424 870.0
Person 31.432703999999998 64.93593 512.0 869.3013899999999
Person 92.900352 69.12498 132.016128 111.01895999999999
Person 92.900352 159.19781999999998 143.890432 215.75477999999998
Person 98.48832 377.74443 140.39859199999998 423.82833
Person 100.583424 261.14007000000004 143.890432 323.98104
Person 308.737024 0.0 361.12384 15.36159
Person 322.008064 64.93593 354.837504 99.14955
Person 516.191232 71.21994000000001 560.196608 123.58784999999999
Person 518.286336 0.0 553.910272 23.04195
Person 521.080832 173.85993000000002 553.910272 214.35756
Person 522.477568 271.61313 560.196608 322.58468999999997
Person 713.8662400000001 0.0 741.107712 27.231
Person 881.5063039999999 278.59575 917.828608 317.69703000000004
Person 887.79264 190.61787 920.6220800000001 223.43514
Person 887.79264 87.27927000000001 926.908416 138.25083
Person 887.79264 0.0 928.3051519999999 46.78164
