Person 23.04 119.123445 67.84 237.60689400000004
Person 36.48 55.078758 215.04 325.34819100000004
Person 174.08 83.898927 243.84 274.112202
Person 260.48 102.471978 360.32 290.12367300000005
Person 321.28 90.30327599999998 386.56 253.61796600000002
Person 426.24 106.314747 496.64 258.741525
Person 554.88 121.045029 625.28 256.17994500000003
Person 648.96 86.46050699999999 732.8 276.674181
Person 709.76 126.168588 775.04 262.58429400000006
Person 858.88 85.179717 982.4 287.56169400000005
Person 903.68 102.471978 972.16 268.988643
