Person 18.56 257.936106 122.24 421.14629400000007
Person 19.84 369.943557 124.8 540.193971
Person 22.4 252.815769 999.04 546.594867
Person 106.88 268.81674300000003 176.0 426.26663099999996
Person 133.12 385.304568 243.2 552.355167
Person 154.88 264.976965 239.36 443.548164
Person 206.08 352.662024 324.48 520.3525860000001
Person 223.36 259.856628 296.96 405.14531999999997
Person 272.0 266.256891 338.56 361.622772
Person 294.4 350.102172 380.8 527.3934449999999
Person 325.76 266.256891 375.68 330.26078700000005
Person 346.88 286.098276 407.04 407.705805
Person 379.52 261.136554 423.04 334.101198
Person 380.8 356.502435 467.2 516.5128080000001
Person 392.32 280.337976 464.64 400.024983
Person 433.28 262.41648000000004 476.8 330.26078700000005
Person 442.24 367.383072 538.24 510.11254499999995
Person 464.64 273.93708000000004 500.48 396.185205
Person 490.88 284.177754 548.48 400.024983
Person 528.0 362.90269800000004 590.72 519.07266
Person 538.24 266.256891 611.84 376.34382
Person 567.04 366.10314600000004 635.52 506.272134
Person 599.68 262.41648000000004 664.32 377.62374600000004
Person 623.36 369.943557 695.68 494.110938
Person 632.96 248.975991 679.68 306.57962399999997
Person 638.08 263.69640599999997 716.8 400.024983
Person 657.92 401.30554199999995 762.88 541.47453
Person 694.4 263.69640599999997 737.92 336.66105000000005
Person 700.8 366.10314600000004 762.88 499.871871
Person 719.36 236.17483199999998 800.64 408.985731
Person 745.6 367.383072 826.88 510.11254499999995
Person 778.24 267.536817 838.4 394.90527900000006
Person 779.52 364.82322 901.76 538.914045
Person 809.6 266.256891 894.08 401.30554199999995
Person 884.48 279.057417 943.36 427.54719
Person 890.88 376.34382 992.0 549.7946820000001
Person 933.12 264.976965 1001.6 446.108016
