Person 323.06751399999996 855.3932800000001 426.34302199999996 980.745216
Person 47.665758 510.234624 254.216774 734.454784
Person 75.9122 868.634624 171.24311400000002 978.0961279999999
Person 181.83590600000002 895.117312 211.847412 979.8625279999999
Person 211.847412 902.178816 273.63608999999997 981.627904
Person 273.63608999999997 898.6480640000001 300.11746800000003 985.1586560000001
Person 308.943992 370.75865600000003 400.74477800000005 478.45478399999996
Person 312.475324 780.358656 432.52195 850.978816
Person 439.58341 363.696128 556.099908 476.689408
Person 444.879806 748.578816 557.864972 845.6826880000001
Person 467.829852 612.634624 531.384196 722.096128
