Person 48.0 207.59102 82.56 307.54192300000005
Person 151.68 282.554368 172.8 367.769546
Person 181.76 279.99175199999996 217.6 381.223963
Person 199.04 392.757101 252.8 471.56505599999997
Person 275.2 497.83391900000004 331.52 682.3593460000001
Person 275.2 452.984041 332.8 533.073304
Person 394.88 446.576818 442.88 680.437384
Person 423.68 371.61346999999995 519.04 492.708004
Person 427.52 333.81146900000005 486.4 387.631186
Person 451.2 452.984041 512.64 665.700976
Person 591.36 108.921425 612.48 132.627672
Person 670.08 356.23640800000004 716.16 540.121181
Person 711.04 277.428453 757.76 331.248853
Person 726.4 383.787262 794.88 547.809712
Person 836.48 390.194485 882.56 435.044363
Person 893.44 360.08101500000004 951.04 430.559102
Person 894.72 282.554368 958.72 379.302001
Person 910.08 256.285505 967.68 310.10522199999997
Person 970.24 563.186774 1023.36 674.030161
Person 988.8 282.554368 1023.36 411.337433
