Person 789.225 493.076736 865.725 699.7478399999999
Person 233.32500000000002 479.04307200000005 251.8125 510.93657599999995
Person 242.25 492.438528 253.0875 529.435392
Person 251.8125 476.49177599999996 262.01250000000005 492.438528
Person 253.0875 497.541888 272.85 537.090048
Person 269.025 461.820672 372.9375 554.312448
Person 585.8625 508.38527999999997 632.4 634.046208
Person 627.9375 518.591232 680.85 679.973376
Person 686.5875 488.611584 714.0 565.15584
Person 699.3375000000001 508.38527999999997 756.7125 653.8206720000001
Person 764.3625000000001 507.109632 798.7874999999999 624.4784639999999
Person 843.4125 480.31872 891.225 555.588096
Person 844.6875 501.368832 893.775 609.80736
