Person 1.92 412.619424 40.96 556.7795510000001
Person 59.52 401.72694 85.76 506.8037580000001
Person 84.48 425.43318700000003 123.52 560.6241580000001
Person 115.84 417.74465599999996 149.76 551.653636
Person 164.48 412.619424 210.56 551.653636
Person 198.4 392.757101 233.6 465.15783300000004
Person 224.64 379.302001 258.56 441.450903
Person 259.84 387.631186 294.4 446.576818
Person 316.8 375.45807699999995 349.44 445.29551
Person 343.04 383.787262 380.8 493.98999499999996
Person 407.04 387.631186 448.0 488.86408000000006
Person 438.4 358.79902400000003 468.48 463.875842
Person 664.32 445.29551 773.12 602.9107369999999
Person 961.92 247.955637 1022.08 440.16959499999996
