Person 161.92 218.275869 286.08 508.24310099999997
Person 244.48 164.507164 268.16 211.87450199999998
Person 380.16 28.805055000000003 397.44 66.570708
Person 392.32 0.0 401.28 21.763332000000002
Person 403.2 97.935725 414.72 164.507164
Person 412.16 200.35321100000002 450.56 290.607588
Person 416.0 28.805055000000003 430.08 51.848367999999994
Person 430.08 106.25742899999999 438.4 173.46849300000002
Person 440.96 64.65037099999999 514.56 160.02613399999998
Person 462.08 189.470814 487.04 270.76459300000005
Person 469.76 227.877554 505.6 329.014328
Person 541.44 596.577872 613.76 730.359644
Person 560.0 71.051738 702.08 192.671863
Person 590.08 625.382927 673.92 730.359644
Person 812.16 2.560693 824.96 21.123707000000003
Person 816.0 8.961329000000001 829.44 27.524343
Person 864.64 0.0 1023.36 47.368069
