Person 14.081984 567.68 184.990515 1023.36
Person 53.768705 564.48 195.87218099999998 1023.36
Person 220.19620600000005 543.36 368.700318 931.84
Person 249.640886 344.32 387.263332 611.84
Person 272.044574 139.52 324.533298 222.08
Person 307.25026499999996 190.72 403.266384 405.12
Person 319.412643 162.56 369.98103 230.4
Person 332.21464599999996 567.68 494.801473 1013.76
Person 400.065335 127.36 494.161117 341.76
Person 515.284824 143.36 557.531507 236.16
Person 515.924449 547.84 647.146259 995.84
