Person 658.56 231.039936 707.84 360.320256
Person 282.88 305.28000000000003 314.24 364.15987200000006
Person 320.0 295.67980800000004 337.92 325.760256
Person 341.76 273.279744 368.0 323.199936
Person 366.72 268.160256 400.0 360.320256
Person 406.4 241.92 461.44 365.439744
Person 466.56 299.52 497.92 357.759936
Person 499.2 310.40006400000004 526.72 364.15987200000006
Person 542.72 224.00006399999998 652.8 368.000064
Person 731.52 286.720128 760.32 359.039808
Person 817.28 295.67980800000004 843.52 361.600128
Person 899.84 288.0 948.48 373.12012799999997
Person 957.44 286.720128 1016.32 371.840256
