Person 807.04 411.07359999999994 894.72 671.03556
Person 1.28 404.03015999999997 26.24 441.80824
Person 31.36 405.31059999999997 52.48 450.77200000000005
Person 87.68 444.36912000000007 129.92 487.90952
Person 113.92 409.1526 147.84 491.75152
Person 162.56 411.71347999999995 190.08 491.75152
Person 188.8 279.17128 226.56 448.21112
Person 202.88 418.11704 256.64 486.62908
Person 234.88 344.48188 272.64 434.12424000000004
Person 238.72 411.71347999999995 267.52 481.50664
Person 245.12 411.71347999999995 258.56 477.02476
Person 258.56 135.74364 346.24 390.58384
Person 275.2 313.10736 363.52 459.09587999999997
Person 318.72 267.0054 366.08 330.39568
Person 318.72 180.56516 455.04 464.21832
Person 322.56 275.32928 407.68 448.21112
Person 427.52 304.14292 498.56 470.6212
Person 440.32 26.89264 663.68 529.52892
Person 602.24 121.65744 1002.24 523.12604
Person 728.96 419.39748000000003 762.24 500.71596
Person 794.88 425.80036000000007 828.8 481.50664
Person 855.04 434.12424000000004 877.44 486.62908
