Person 858.24 517.760256 942.08 689.919744
Person 90.88 499.839744 114.56 567.039744
Person 94.72 690.560256 204.8 767.360256
Person 98.56 510.72 218.88 629.76
Person 122.88 524.7997439999999 144.0 559.359744
Person 167.68 473.60025599999994 229.76 539.52
Person 209.92 694.400256 316.8 767.360256
Person 540.8 674.559744 625.28 767.360256
Person 580.48 426.879744 627.84 489.59999999999997
Person 671.36 533.1202559999999 695.04 574.08
Person 702.08 499.839744 766.72 581.76
Person 906.88 483.84000000000003 1023.36 767.360256
Person 954.88 568.959744 979.84 595.2
