Person 0.0 467.199744 226.56 767.360256
Person 103.68 337.92 339.2 602.240256
Person 368.0 335.36025600000005 524.16 509.43974399999996
Person 484.48 459.519744 924.8 767.360256
Person 497.92 298.239744 639.36 455.679744
Person 529.28 189.440256 570.24 237.44025600000003
Person 540.16 245.12025600000004 573.44 304.640256
Person 574.72 232.959744 606.08 264.96
Person 577.28 192.0 619.52 231.680256
Person 785.92 204.159744 947.2 319.359744
Person 831.36 312.320256 992.64 495.36
Person 848.0 424.959744 1023.36 767.360256
