Person 0.0 508.08506600000004 205.44 682.3593460000001
Person 137.6 506.8037580000001 243.84 644.5573449999999
Person 246.4 495.27130300000005 387.84 682.3593460000001
Person 251.52 472.84636400000005 357.76 638.150122
Person 270.08 546.528404 466.56 682.3593460000001
Person 282.88 481.816203 391.68 554.216935
Person 353.92 484.3788190000001 390.4 514.492289
Person 389.12 476.690288 453.76 569.5939970000001
Person 420.48 489.504734 496.64 638.150122
Person 439.04 469.00175700000005 461.44 493.98999499999996
Person 448.0 552.9349440000001 566.4 682.3593460000001
Person 465.28 337.655393 516.48 520.258858
Person 490.24 479.253587 567.68 547.809712
Person 504.96 484.3788190000001 577.92 588.174329
Person 568.96 521.540166 600.32 563.186774
Person 576.64 550.372328 681.6 682.3593460000001
Person 584.96 485.660127 652.8 563.186774
Person 642.56 524.103465 717.44 677.874085
Person 650.24 485.660127 691.2 536.917228
Person 671.36 500.396535 734.08 622.132406
Person 710.4 490.78604199999995 773.76 585.611713
Person 718.72 350.469839 790.4 495.27130300000005
Person 728.96 485.660127 811.52 682.3593460000001
Person 753.92 484.3788190000001 897.28 663.137677
Person 789.12 568.312689 886.4 682.3593460000001
Person 878.72 480.534895 937.6 572.797267
Person 891.52 529.228697 1023.36 682.3593460000001
Person 902.4 500.396535 979.84 638.150122
Person 928.64 476.690288 960.0 513.210981
