Person 3.2 381.44025600000003 17.92 418.56000000000006
Person 5.12 526.719744 67.84 602.240256
Person 30.08 341.76 40.32 364.160256
Person 54.4 540.159744 117.76 608.64
Person 74.88 377.600256 89.6 412.79999999999995
Person 140.8 376.32 161.92 424.959744
Person 242.56 386.559744 278.4 463.359744
Person 273.28 457.599744 311.68 539.52
Person 305.92 390.39974400000006 320.64 468.48
Person 394.88 408.320256 413.44 457.599744
Person 397.44 375.680256 418.56 412.79999999999995
Person 422.4 502.400256 479.36 577.92
Person 510.08 512.000256 563.84 575.360256
Person 538.88 375.680256 552.32 408.320256
Person 553.6 368.64 563.84 400.640256
Person 554.88 376.959744 576.0 409.599744
Person 585.6 369.920256 595.84 400.640256
Person 602.24 378.24 611.84 407.04
Person 661.76 438.39974400000006 698.88 538.880256
Person 722.56 369.920256 745.6 399.36
Person 742.4 394.23974400000003 759.68 436.479744
Person 752.0 407.04 768.0 442.88025600000003
Person 823.68 388.479744 840.32 456.320256
Person 867.2 328.959744 874.88 342.399744
Person 876.16 328.959744 884.48 344.96025599999996
