Person 210.726912 214.00469999999999 312.79718399999996 329.238
Person 218.95782400000002 256.80564000000004 306.21184 497.15004999999996
Person 273.286144 189.31185 327.614464 256.80564000000004
Person 291.395584 265.03659 393.46585600000003 498.79624
Person 307.858432 214.00469999999999 383.588352 289.72944
Person 349.01606400000003 181.08089999999996 426.39257599999996 261.74421
Person 381.94176 258.45183 454.37952 498.79624
Person 391.820288 205.77374999999998 447.794176 276.55992000000003
Person 431.33132800000004 181.08089999999996 503.768064 276.55992000000003
Person 446.147584 256.80564000000004 530.1094400000001 497.15004999999996
Person 484.01305599999995 214.00469999999999 544.925696 307.83753
Person 515.29216 266.68278 605.8393599999999 507.02719
Person 525.170688 179.43471000000002 589.376512 268.32896999999997
Person 554.804224 220.58946000000003 628.8875519999999 319.36086
Person 595.961856 182.72709 650.289152 266.68278
Person 595.961856 263.3904 681.5692799999999 495.50386
Person 627.24096 209.06613000000002 691.446784 324.29943
Person 670.045184 260.09802 758.945792 507.02719
Person 671.691776 189.31185 739.18976 263.3904
Person 721.08032 209.06613000000002 818.21184 480.68815
