Person 0.0 255.00351399999997 29.44 285.11698399999995
Person 21.76 257.566813 85.76 348.54787699999997
Person 48.0 186.447389 490.24 682.3593460000001
Person 76.8 269.739922 105.6 304.33865299999997
Person 99.2 180.68082 174.08 312.027184
Person 251.52 268.458614 280.32 300.49404599999997
Person 279.04 266.536652 343.04 349.18853099999995
Person 318.08 261.410737 380.16 353.03313799999995
Person 353.92 270.380576 403.2 353.03313799999995
Person 373.12 269.099268 389.12 283.83567600000003
Person 382.72 219.124158 442.88 338.93738399999995
Person 401.92 211.434944 456.96 360.08101500000004
Person 445.44 215.279551 479.36 299.212738
Person 446.72 189.010005 535.68 386.349878
Person 517.76 279.99175199999996 574.08 350.469839
Person 544.0 278.710444 602.88 349.18853099999995
Person 656.0 242.83040499999998 835.84 568.9533429999999
Person 661.12 285.11698399999995 708.48 369.050854
Person 876.16 283.83567600000003 903.68 336.374085
Person 903.04 249.878282 936.32 304.979307
Person 911.36 288.320937 950.4 340.859346
Person 932.48 257.566813 967.68 295.368814
Person 938.24 265.255344 1023.36 376.73938499999997
