Person 106.66700800000001 456.861603 290.132992 547.59375
Person 122.66700800000001 353.320792 205.867008 520.908168
Person 179.2 469.670916 392.532992 597.763397
Person 232.53299199999998 419.501918 313.6 534.7844369999999
Person 356.26700800000003 371.466832 391.467008 420.568874
Person 387.2 347.983416 412.8 405.625
Person 510.932992 293.544647 565.332992 473.940687
Person 746.667008 346.915811 775.467008 392.815687
Person 786.132992 336.241708 802.132992 405.625
Person 796.8 380.006374 866.132992 472.873082
Person 869.332992 432.310582 972.8 570.009561
Person 904.532992 398.153063 948.267008 481.412624
Person 1005.867008 358.658168 1022.932992 495.289542
