Person 364.8 650.342287 428.8 745.07713
Person 0.0 308.528206 1022.72 540.245202
Person 21.76 725.873946 75.52 761.7196859999999
Person 60.16 719.4731390000001 112.64 761.7196859999999
Person 170.24 497.99865500000004 188.16 572.25
Person 204.8 478.795471 248.32 572.25
Person 236.8 527.442825 253.44 573.530314
Person 266.24 522.3223320000001 295.68 579.9311210000001
Person 432.64 707.9510760000001 478.72 761.7196859999999
Person 570.88 513.3608969999999 618.24 637.5399100000001
Person 637.44 526.162511 679.68 638.8202239999999
