Person 135.68 268.160256 207.36 493.44019199999997
Person 0.0 308.480256 11.52 373.76006400000006
Person 10.24 302.07974399999995 33.92 392.319936
Person 15.36 277.119936 99.2 481.92019200000004
Person 120.32 318.719808 147.84 366.080256
Person 142.72 313.599744 163.84 373.76006400000006
Person 225.28 309.760128 289.92 449.919936
Person 270.08 312.319872 309.12 412.16025600000006
Person 300.16 320.00025600000004 341.12 434.559744
Person 330.24 292.480128 393.6 499.84012800000005
Person 335.36 283.519872 359.04 330.87974399999996
Person 378.88 289.919808 419.84 447.360192
Person 380.16 283.519872 394.88 317.439936
Person 419.84 293.76 460.16 439.67980800000004
Person 446.08 291.200256 477.44 422.399808
Person 461.44 295.03987200000006 503.68 439.67980800000004
Person 483.84 271.99987200000004 556.16 484.479936
Person 541.44 292.480128 570.24 412.16025600000006
Person 547.2 292.480128 565.12 407.04019200000005
Person 556.16 293.76 599.68 419.840064
Person 588.8 295.03987200000006 615.04 408.320064
Person 590.08 296.960256 613.76 346.23993599999994
Person 608.64 293.76 645.12 415.99987200000004
Person 633.6 289.919808 661.12 403.2
Person 638.72 292.480128 661.12 383.36025600000005
Person 650.24 283.519872 666.24 384.640128
Person 666.24 288.639936 702.72 409.59993599999996
Person 667.52 292.480128 678.4 318.719808
Person 700.16 287.360064 732.16 403.2
Person 736.0 286.080192 763.52 399.99974399999996
Person 748.8 292.480128 758.4 346.23993599999994
Person 760.96 284.799744 776.32 300.79987200000005
Person 760.96 296.960256 788.48 393.599808
Person 777.6 295.03987200000006 798.72 389.760192
Person 792.32 295.03987200000006 813.44 387.19987199999997
Person 814.72 295.03987200000006 843.52 392.319936
Person 843.52 288.639936 855.04 312.319872
Person 844.8 292.480128 880.0 382.07980799999996
Person 876.16 287.360064 893.44 369.91987200000005
Person 886.4 289.919808 912.64 376.95974399999994
Person 908.8 291.200256 933.76 376.95974399999994
Person 920.96 291.200256 940.8 373.76006400000006
Person 935.04 289.919808 949.76 367.360128
Person 949.76 288.639936 981.12 375.67987200000005
Person 976.0 289.919808 1004.8 371.19974399999995
Person 991.36 287.360064 999.68 344.960064
Person 999.68 287.360064 1019.52 364.79980800000004
Person 1016.32 282.24 1023.36 320.00025600000004
