Person 0.0 386.349878 39.68 681.718692
Person 23.68 375.45807699999995 113.28 679.1553929999999
Person 97.28 412.619424 185.6 682.3593460000001
Person 146.56 411.337433 679.04 632.383553
Person 186.88 433.76237199999997 236.8 566.390044
Person 234.88 422.870571 302.08 651.605222
Person 354.56 404.289556 454.4 682.3593460000001
Person 446.72 394.038409 543.36 682.3593460000001
Person 525.44 422.22991699999994 568.96 593.940898
Person 563.84 440.81024899999994 616.32 593.300244
Person 696.96 432.481064 741.76 565.108736
Person 769.28 410.056125 856.96 639.43143
Person 864.0 427.996486 911.36 570.875305
Person 906.24 396.60102500000005 974.08 578.5638359999999
Person 947.84 391.475793 1023.36 650.323914
