Person 0.0 687.0096 35.84 747.83468
Person 14.72 637.06848 33.28 680.6066000000001
Person 18.56 697.89356 69.76 759.36008
Person 47.36 642.8308 67.2 687.0096
Person 67.2 642.8308 81.92 672.923
Person 79.36 649.2330400000001 112.0 735.67012
Person 153.6 658.8371599999999 225.92 759.36008
Person 164.48 619.14084 218.24 682.52712
Person 223.36 619.14084 266.88 694.05252
Person 238.08 636.4277999999999 275.84 759.36008
Person 304.64 644.1114 376.96 759.36008
Person 383.36 620.42144 414.72 715.18128
Person 395.52 636.4277999999999 465.92 759.36008
Person 410.88 624.90316 432.0 642.8308
Person 464.64 633.8666000000001 520.96 759.36008
Person 512.0 623.6225599999999 581.76 759.36008
Person 560.64 633.8666000000001 600.96 721.58352
Person 580.48 630.0255599999999 609.28 721.58352
Person 630.4 623.6225599999999 656.64 724.14472
Person 644.48 658.8371599999999 669.44 759.36008
Person 648.32 620.42144 700.8 759.36008
Person 688.0 622.34196 703.36 658.8371599999999
Person 689.28 631.30616 792.96 759.36008
Person 696.96 420.65695999999997 771.84 550.63216
Person 698.24 601.2131999999999 770.56 750.3958799999999
Person 774.4 631.30616 795.52 682.52712
Person 782.08 636.4277999999999 810.88 738.87124
Person 795.52 619.14084 883.2 759.36008
Person 805.76 635.1472 823.04 661.39836
Person 858.24 644.1114 878.08 704.2965599999999
Person 889.6 640.90952 938.24 733.10892
Person 924.16 605.69492 1023.36 759.36008
