Person 35.602432 293.297664 164.45030400000002 584.9003520000001
Person 167.840768 340.768512 250.913792 552.688896
Person 235.655168 320.42419199999995 371.284992 612.02688
Person 291.60243199999996 378.06643199999996 369.589248 545.907456
Person 366.198784 364.503552 422.14604800000006 608.6353919999999
Person 415.364096 291.602688 469.615616 515.3909759999999
Person 478.092288 361.11283199999997 539.12576 606.9404159999999
Person 523.8671360000001 272.953344 617.112576 574.728192
Person 605.24544 327.205632 669.6693759999999 584.9003520000001
Person 669.6693759999999 305.165568 752.741376 591.681792
Person 739.178496 291.602688 820.5557759999999 527.258112
Person 871.416832 400.105728 937.5365119999999 605.244672
Person 946.013184 401.801472 1022.304256 603.549696
