Person 0.0 409.33682 22.414336 465.621215
Person 158.819328 410.6164 198.52390400000002 518.067555
Person 201.085952 417.012245 228.62336000000002 518.067555
Person 227.342336 401.66208 273.451008 548.128095
Person 274.732032 414.45376999999996 308.672512 518.067555
Person 302.90944 399.743395 346.456064 548.7672
Person 386.801664 411.25618999999995 434.19136 519.98624
Person 398.328832 140.70996 416.900096 188.03934999999998
Person 432.27033600000004 140.70996 446.99955199999994 180.363925
Person 440.59545599999996 409.97661000000005 475.81695999999994 514.86929
Person 473.255936 417.652035 503.35436799999997 512.3108149999999
Person 505.275392 410.6164 532.8128 477.13332499999996
Person 534.093824 402.94097500000004 568.035328 496.321545
Person 537.2958719999999 122.80132 574.439424 191.87671999999998
Person 650.006528 133.034535 687.149056 237.92721500000002
Person 689.711104 127.91758500000002 738.381824 290.373555
Person 696.7552 394.626445 749.267968 525.742295
Person 744.144896 420.84961500000003 796.657664 516.7879750000001
Person 766.5592320000001 393.34755 811.38688 502.0776
Person 813.948928 400.3825 856.855552 523.18382
Person 854.2935039999999 425.326775 913.210368 509.11323500000003
