Person 0.0 378.02069300000005 20.48 497.83391900000004
Person 261.76 370.33216200000004 296.32 459.391264
Person 331.52 371.61346999999995 361.6 450.421425
Person 432.64 360.08101500000004 478.72 441.450903
Person 638.72 349.18853099999995 667.52 435.685017
Person 759.04 383.146608 805.12 413.900732
Person 882.56 330.60819899999996 929.92 417.74465599999996
Person 912.64 329.326208 963.84 417.74465599999996
Person 995.2 326.76359199999996 1023.36 449.13943399999994
Person 999.04 325.482284 1023.36 376.73938499999997
