Person 213.12 430.232358 281.6 622.940298
Person 136.32 457.12183799999997 179.84 565.9605
Person 252.8 314.35130999999996 284.8 395.659782
Person 312.32 340.600758 346.24 444.31713
Person 355.2 274.657122 375.04 327.156018
Person 464.0 343.161564 494.72 432.1531319999999
Person 493.44 329.71682400000003 522.24 425.750778
Person 579.84 378.374172 624.64 482.0905439999999
Person 663.68 316.912116 700.16 416.787618
Person 720.0 339.320016 750.08 421.90923000000004
Person 840.96 259.291608 857.6 329.71682400000003
Person 881.28 266.97470400000003 907.52 339.320016
Person 903.68 218.31735600000002 928.64 288.101862
Person 929.92 253.529964 952.32 324.595212
Person 947.2 192.06790800000002 962.56 234.322902
Person 993.28 242.005998 1019.52 304.74811800000003
