Person 126.400512 107.19974399999998 172.8 262.400256
Person 163.2 134.39999999999998 208.0 195.20025600000002
Person 211.2 132.80025600000002 259.2 288.0
Person 251.199488 166.400256 295.999488 265.599744
Person 291.2 137.600256 348.8 262.400256
Person 313.6 230.39999999999998 387.2 310.400256
Person 388.799488 187.2 423.999488 297.6
Person 411.200512 278.4 475.200512 462.39974400000006
Person 452.799488 185.600256 489.6 294.399744
Person 497.60051200000004 168.0 536.000512 316.79999999999995
Person 636.8 214.400256 729.6 358.400256
Person 761.6 212.79974399999998 793.6 316.79999999999995
Person 775.999488 251.199744 817.599488 315.200256
Person 812.8 225.60000000000002 880.0 308.799744
Person 864.0 203.199744 937.6 291.200256
