Person 0.0 158.237841 10.24 206.92661700000002
Person 0.0 557.356278 26.88 641.280675
Person 0.0 257.537175 1023.36 680.359179
Person 8.96 33.313158 29.44 54.454122000000005
Person 12.16 404.243643 33.28 481.761192
Person 12.16 476.635986 43.52 555.434496
Person 47.36 438.19762199999997 68.48 513.152568
Person 55.68 396.555834 142.08 497.13612900000004
Person 63.36 335.695545 87.04 404.243643
Person 66.56 303.663348 81.92 344.664315
Person 99.2 317.116503 122.88 382.46185800000006
Person 145.92 420.259401 169.6 490.72996200000006
Person 178.56 303.022527 199.68 342.101712
Person 193.28 414.49405500000006 220.8 484.323795
Person 216.96 372.852267 239.36 438.19762199999997
Person 241.92 335.695545 265.6 404.243643
Person 258.56 361.96171499999997 286.08 431.79145500000004
Person 281.6 294.053757 306.56 353.633085
Person 362.88 301.10074499999996 381.44 340.82007
Person 377.6 0.0 391.68 24.344388000000002
Person 423.04 0.640821 439.04 38.43836400000001
Person 452.48 28.187952 465.28 64.704534
Person 514.56 70.47056099999999 526.72 115.31509199999999
Person 529.92 55.735764 544.0 99.299334
Person 555.52 112.752489 576.0 164.003868
Person 560.64 91.611525 572.16 121.721259
Person 568.32 141.581262 594.56 197.957847
Person 599.68 70.47056099999999 611.84 115.31509199999999
Person 608.0 146.706468 625.92 196.676205
Person 620.16 223.583196 634.88 274.83457500000003
Person 631.68 86.486319 643.2 132.612492
Person 631.68 80.080152 647.04 124.283862
Person 634.88 236.39621099999997 647.68 286.365948
Person 640.64 0.0 1023.36 99.299334
Person 645.12 185.78565300000002 661.12 240.880596
Person 653.44 219.73963199999997 670.08 273.552933
Person 653.44 164.644689 672.64 210.770181
Person 663.68 201.801411 683.52 256.89635400000003
Person 678.4 222.302235 702.08 283.803345
Person 688.0 169.129074 703.36 222.94237500000003
Person 703.36 244.08401999999998 728.32 296.61636000000004
Person 710.4 187.70743499999998 728.32 242.802378
Person 723.2 195.39524399999996 741.76 250.49018700000002
Person 728.32 249.208545 749.44 304.304169
Person 769.28 231.91182600000002 785.92 285.72512700000004
Person 835.84 228.067581 853.12 287.00676899999996
Person 887.04 237.67717199999998 904.32 297.897321
Person 975.36 165.284829 994.56 219.09881099999998
Person 983.68 283.803345 1007.36 335.054724
