Person 458.88 301.457589 588.8 571.5537660000001
Person 551.68 432.66517799999997 670.08 602.915178
Person 605.44 281.616654 640.0 410.264364
Person 642.56 296.33715 682.88 391.703028
Person 650.24 341.78028 717.44 554.9128499999999
Person 680.32 301.457589 712.32 346.260579
Person 700.16 433.94545800000003 760.32 532.5113550000001
Person 722.56 337.940121 797.44 389.143149
Person 750.08 271.37577600000003 797.44 353.940897
Person 817.28 288.016692 871.04 464.027271
Person 826.24 263.055318 864.0 321.298524
