Person 94.72 499.994712 218.88 773.359902
Person 296.32 409.086864 674.56 628.034436
Person 563.84 544.16844 578.56 574.8985620000001
Person 579.84 549.289998 590.08 578.73915
Person 590.08 545.44941 606.08 576.178758
Person 599.68 578.73915 622.08 620.352486
Person 700.8 446.2187400000001 736.64 475.66789199999994
Person 780.8 387.32043600000003 814.08 441.73728
Person 824.96 397.563552 926.72 576.178758
Person 836.48 381.558006 862.08 443.01747599999993
Person 895.36 398.843748 908.8 421.891146
Person 913.92 405.88559999999995 940.8 467.985168
Person 939.52 407.16657000000004 987.52 560.173986
Person 972.8 397.563552 1009.92 478.86838200000005
