Person 0.0 408.72802800000005 1023.36 680.359179
Person 7.04 143.503044 40.32 254.97457199999997
Person 8.96 203.723193 842.88 492.65174399999995
Person 29.44 138.377838 48.0 172.33181700000003
Person 101.76 164.644689 140.16 265.224984
Person 106.88 139.65948 134.4 178.738665
Person 133.12 151.190853 164.48 229.989363
Person 238.08 148.62825 269.44 251.13100799999998
Person 272.64 142.22208299999997 306.56 238.958814
Person 519.04 203.723193 554.24 258.818136
Person 565.12 203.723193 599.04 269.709369
Person 613.76 208.84839899999997 704.0 299.819103
Person 718.72 210.13004100000003 753.92 294.69457800000004
Person 772.48 212.692644 794.24 291.491154
Person 778.88 215.895387 807.68 311.351157
Person 827.52 299.819103 888.96 438.838443
Person 830.08 201.16058999999998 1023.36 340.17993
