Person 0.0 417.30454199999997 53.12 485.788626
Person 72.32 387.222729 136.96 485.788626
Person 122.24 400.02348600000005 147.2 433.305318
Person 134.4 376.981851 273.28 574.753785
Person 218.24 396.183327 286.08 489.628785
Person 259.84 329.619663 471.04 578.593944
Person 277.12 422.424981 318.08 467.22729
Person 304.64 416.024262 338.56 465.947691
Person 420.48 410.903823 435.84 423.70458
Person 444.8 412.184103 468.48 455.70681299999995
Person 454.4 400.02348600000005 487.04 472.347729
Person 480.64 403.223505 522.24 444.826476
Person 485.76 398.743206 549.76 477.468168
Person 580.48 375.702252 618.24 403.223505
Person 580.48 387.222729 669.44 476.187888
Person 616.96 397.463607 631.68 423.70458
Person 623.36 397.463607 650.88 434.585598
Person 643.2 382.10229 685.44 449.946234
Person 677.12 347.54017799999997 820.48 540.8318129999999
Person 764.16 355.860636 837.12 444.826476
Person 815.36 375.702252 854.4 434.585598
Person 854.4 369.941673 920.32 434.585598
Person 931.84 379.542411 974.08 410.903823
Person 961.92 360.981075 1023.36 419.864421
