Person 453.76 133.119936 600.96 419.840064
Person 0.64 239.36025600000002 42.88 331.520256
Person 8.32 231.679872 103.04 345.59999999999997
Person 69.12 239.36025600000002 208.0 547.8399360000001
Person 230.4 230.4 327.04 369.279936
Person 293.12 239.36025600000002 442.88 392.959872
Person 346.88 177.92006399999997 425.6 255.359808
Person 392.96 232.959744 462.72 355.20019199999996
Person 395.52 241.92 458.24 343.04025600000006
Person 595.2 243.19987200000003 775.04 575.360064
Person 601.6 220.79980799999998 690.56 411.519744
Person 656.64 214.399872 693.12 261.75974399999996
Person 730.24 225.279936 831.36 450.559872
Person 789.12 250.23974399999997 860.16 511.36012800000003
Person 824.32 226.559808 882.56 390.400128
