Person 0.0 422.375268 56.96 713.358828
Person 0.0 327.516798 92.16 514.028592
Person 34.56 290.98356 97.28 388.406004
Person 64.64 318.54395999999997 313.6 612.732666
Person 69.76 221.12223 133.12 303.802716
Person 81.92 299.957112 195.84 402.50607600000006
Person 200.96 271.11508200000003 228.48 298.674768
Person 208.64 303.802716 282.24 390.96926400000007
Person 240.64 240.99070799999998 304.64 353.795568
Person 259.84 317.26233 374.4 436.476054
Person 350.72 362.127234 559.36 671.6983560000001
Person 423.04 322.389564 492.16 422.375268
Person 542.08 268.55110799999994 615.68 337.130808
Person 558.08 363.409578 878.08 713.358828
Person 570.88 331.36240200000003 699.52 469.80414600000006
Person 619.52 267.269478 700.8 343.540386
Person 755.84 330.08077199999997 863.36 517.874196
Person 765.44 274.96068599999995 819.2 343.540386
Person 890.88 356.358828 1023.36 493.518942
