Person 0.0 340.859346 26.24 570.875305
Person 37.76 300.49404599999997 131.2 576.00122
Person 347.52 135.830942 476.16 486.942118
Person 533.76 420.948609 603.52 594.5815520000001
Person 569.6 363.924939 663.04 599.066813
Person 644.48 329.96686200000005 695.68 412.619424
Person 648.32 351.75114700000006 741.76 609.31796
Person 709.12 436.325671 768.0 608.036652
Person 743.04 333.81146900000005 820.48 611.8805759999999
Person 808.32 332.530161 840.32 366.48755500000004
Person 814.08 302.416691 901.76 617.647145
Person 878.08 488.86408000000006 945.28 620.2104439999999
Person 887.04 325.482284 954.24 566.390044
Person 936.96 351.75114700000006 1020.8 617.647145
