Person 0.0 299.74468 256.309248 678.7610400000001
Person 182.017024 292.31296000000003 411.085824 678.7610400000001
Person 185.73107199999998 213.04196 331.840512 465.71976
Person 241.451008 49.5448 388.798464 328.23328000000004
Person 330.602496 237.81436 433.373184 489.2532
Person 370.225152 274.97295999999994 581.9586559999999 588.34212
Person 376.41625600000003 54.499280000000006 544.813056 329.47156
Person 498.998272 265.06399999999996 657.48992 608.1600400000001
Person 506.428416 87.94167999999999 664.91904 302.22191999999995
Person 555.956224 18.578960000000002 681.015296 214.28024
Person 619.10528 248.9616 824.64768 592.05832
Person 637.678592 118.90684000000002 828.362752 366.63016000000005
Person 697.112576 28.48792 802.36032 195.70128
Person 747.879424 38.396879999999996 918.7522560000001 355.48292
Person 789.978112 263.82504000000006 1021.523968 649.0348399999999
Person 884.0826880000001 52.022040000000004 1016.5708800000001 423.60668000000004
