Person 488.96 310.745876 576.64 530.5100050000001
Person 110.08 258.848121 276.48 671.466862
Person 222.72 310.10522199999997 277.76 419.025964
Person 268.8 517.696242 395.52 682.3593460000001
Person 304.0 481.816203 556.16 682.3593460000001
Person 439.04 504.24114199999997 554.88 674.030161
Person 566.4 536.917228 710.4 682.3593460000001
Person 611.2 477.971596 668.8 549.09102
Person 672.64 354.9551 747.52 452.984041
Person 673.92 460.03191799999996 752.64 559.3421669999999
Person 761.6 487.582772 819.84 560.6241580000001
Person 831.36 491.42669600000005 901.12 556.7795510000001
Person 924.8 509.367057 997.76 682.3593460000001
Person 927.36 465.15783300000004 1000.96 518.9775500000001
Person 981.12 480.534895 1023.36 682.3593460000001
