Person 0.0 384.42791600000004 1023.36 543.324451
Person 132.48 522.18082 351.36 682.3593460000001
Person 144.64 295.368814 208.64 536.917228
Person 318.72 355.59575400000006 408.96 538.198536
Person 461.44 372.254124 565.12 540.761835
Person 537.6 313.308492 602.24 408.134163
Person 647.68 376.73938499999997 742.4 522.18082
Person 760.96 388.27184 840.96 513.210981
Person 767.36 335.733431 812.16 422.22991699999994
Person 846.08 386.990532 927.36 513.210981
Person 871.04 326.76359199999996 912.64 415.82269400000007
Person 945.92 378.02069300000005 1023.36 493.348658
