Person 0.0 475.47392 44.886323999999995 662.588416
Person 0.0 466.50265599999994 116.70341900000001 681.811968
Person 83.359585 483.16416 111.57399199999999 627.985408
Person 137.222589 469.06675199999995 215.452747 667.71456
Person 218.017826 483.16416 261.621245 622.85824
Person 251.36166 362.693632 509.13492099999996 966.32832
Person 489.897925 417.80224 584.8000000000001 763.8343679999999
Person 589.930158 434.46272 647.640415 620.295168
Person 634.8157509999999 434.46272 678.41917 558.778368
Person 639.945909 412.676096 729.717826 759.990272
Person 654.0527470000001 353.722368 729.717826 451.124224
