Person 896.0 221.00016300000001 1009.000448 524.999925
Person 0.0 266.99967 492.000256 680.000292
Person 497.00044800000006 223.00025999999997 1022.999552 538.9999230000001
Person 780.99968 76.999989 846.0001279999999 184.00007099999996
Person 782.000128 97.00027800000001 807.999488 151.99988100000002
Person 835.00032 100.999791 903.999488 188.99997299999998
Person 903.0000640000001 114.000081 944.0 186.00016800000003
Person 944.0 104.999985 983.0000640000001 188.99997299999998
Person 979.0003199999999 102.00018 1011.999744 196.99968
Person 988.000256 93.00008400000002 1022.999552 193.000167
