Watch 23.199744 245.600256 189.599744 484.79999999999995
Watch 51.2 92.00025600000001 199.19974399999998 303.99974399999996
Watch 115.2 416.799744 303.200256 668.7997439999999
Watch 135.19974399999998 0.0 276.799488 135.200256
Watch 173.599744 87.99974399999999 324.799488 284.00025600000004
Watch 191.200256 235.20000000000002 351.200256 464.799744
Watch 275.2 0.800256 413.599744 163.2
Watch 303.200256 435.200256 479.20025599999997 684.800256
Watch 324.799488 117.60000000000001 476.8 321.6
Watch 345.6 217.599744 511.20025599999997 489.59999999999997
Watch 403.2 0.0 548.799488 173.600256
Watch 463.20025599999997 423.200256 624.799744 716.7997439999999
Watch 471.19974400000007 97.599744 620.8 313.599744
Watch 508.8 248.79974399999998 673.599488 467.199744
Watch 551.199744 0.0 684.8 169.599744
Watch 613.600256 117.60000000000001 777.6 346.400256
Watch 625.599488 441.59999999999997 823.199744 700.8
Watch 659.2 261.6 835.2 479.199744
Watch 677.600256 0.0 823.199744 157.599744
Watch 753.599488 96.0 937.6 277.599744
Watch 800.799744 0.0 949.6002560000001 145.599744
Watch 816.799744 223.20000000000002 985.6 480.800256
Watch 823.199744 447.200256 1023.2002560000001 724.8
Watch 925.599744 0.0 1023.2002560000001 80.799744
Watch 931.2 50.400000000000006 1023.2002560000001 282.399744
Watch 936.8002560000001 51.200255999999996 1023.2002560000001 215.199744
Watch 965.6002560000001 176.000256 1023.2002560000001 408.0
Watch 993.5994880000001 375.99974399999996 1023.2002560000001 504.0
