Watch 0.0 481.175549 28.16 616.3658369999999
Watch 0.0 210.79429000000002 36.48 296.009468
Watch 0.0 0.0 54.4 55.74236199999999
Watch 0.0 582.40776 70.4 682.3593460000001
Watch 0.0 277.428453 83.2 399.80497799999995
Watch 0.0 67.274817 101.76 169.789019
Watch 0.0 357.517716 125.44 501.037872
Watch 0.0 162.100488 170.24 267.17730600000004
Watch 17.92 449.780771 183.04 597.785505
Watch 64.0 230.01595899999998 216.96 345.985261
Watch 65.28 553.576281 232.96 682.3593460000001
Watch 90.24 0.0 222.72 49.335139000000005
Watch 104.32 313.308492 263.04 440.16959499999996
Watch 124.16 106.99878 246.4 188.36935099999997
Watch 154.24 23.065592999999996 275.2 110.843387
Watch 167.68 397.24167900000003 328.96 549.731674
Watch 177.92 152.48999500000002 288.0 238.345144
Watch 201.6 184.525427 351.36 320.997023
Watch 216.96 656.0898 302.72 682.3593460000001
Watch 221.44 0.0 343.04 25.628209000000002
Watch 238.08 75.604002 352.64 156.974573
Watch 250.24 272.303221 403.84 406.212201
Watch 256.64 8.329185 380.16 67.274817
Watch 282.88 123.657833 405.12 219.124158
Watch 291.84 603.5513910000001 450.56 682.3593460000001
Watch 307.84 352.39180100000004 470.4 507.44441200000006
Watch 341.76 187.728697 450.56 278.710444
Watch 348.16 50.61644700000001 457.6 130.70571
Watch 366.72 0.0 464.0 35.880039000000004
Watch 368.0 443.373548 544.0 618.928453
Watch 389.12 105.076818 491.52 173.632943
Watch 390.4 255.644168 540.16 363.284285
Watch 448.0 552.29429 616.32 682.3593460000001
Watch 450.56 21.143631 552.96 105.717472
Watch 450.56 160.17852599999998 566.4 260.129429
Watch 450.56 331.248853 610.56 457.469302
Watch 479.36 0.0 568.96 23.065592999999996
Watch 483.84 78.80795499999999 597.76 171.070327
Watch 519.04 411.337433 677.76 561.264812
Watch 528.0 233.219229 707.84 339.578038
Watch 544.0 3.20327 642.56 72.400732
Watch 554.24 136.471596 657.92 241.549097
Watch 590.08 272.303221 741.76 423.511225
Watch 591.36 44.849878000000004 701.44 144.801464
Watch 592.64 495.91195700000003 761.6 674.030161
Watch 613.76 658.012445 680.96 682.3593460000001
Watch 635.52 0.0 734.08 53.179063
Watch 636.8 107.639434 750.08 192.854612
Watch 660.48 377.38003899999995 817.92 511.28901900000005
Watch 693.76 611.8805759999999 844.8 682.3593460000001
Watch 702.72 25.628209000000002 801.28 110.202733
Watch 718.72 251.15959 845.44 383.787262
Watch 723.84 0.0 812.8 38.442655
Watch 734.08 466.43914100000006 896.64 617.647145
Watch 737.92 74.32269400000001 841.6 169.148365
Watch 755.2 155.69326500000003 894.08 260.770083
Watch 781.44 0.0 872.96 69.83743299999999
Watch 795.52 327.404246 940.16 462.59453399999995
Watch 807.68 59.586286 906.24 143.51947299999998
Watch 828.8 208.23167400000003 977.92 339.578038
Watch 832.64 560.6241580000001 1023.36 682.3593460000001
Watch 871.68 411.9780870000001 1023.36 570.875305
Watch 872.96 101.87354799999999 1009.92 218.48282099999997
Watch 911.36 291.524207 1023.36 422.870571
Watch 961.28 192.21395800000002 1023.36 301.13538300000005
Watch 970.88 544.605759 1023.36 663.137677
