Egg 0.0 302.4 160.0 438.39974400000006
Egg 6.4 512.000256 231.99948799999999 694.400256
Egg 83.2 185.600256 267.200512 313.599744
Egg 121.6 387.200256 312.000512 563.199744
Egg 184.00051200000001 102.39974399999998 347.200512 211.20000000000002
Egg 211.2 255.999744 396.8 399.99974399999996
Egg 265.6 6.399744 393.6 134.39999999999998
Egg 312.000512 159.999744 468.799488 283.20000000000005
Egg 321.60051200000004 0.0 440.000512 44.799744000000004
Egg 377.6 327.99974399999996 572.8 491.199744
Egg 412.8 72.0 566.4 195.20025600000002
Egg 472.000512 0.0 601.6 94.40025600000001
Egg 472.000512 244.79999999999998 644.799488 377.600256
Egg 516.799488 534.399744 743.999488 713.600256
Egg 519.999488 158.39999999999998 710.4 279.99974399999996
Egg 561.599488 87.99974399999999 729.6 174.399744
Egg 647.999488 289.599744 838.4 416.00025600000004
Egg 716.8 663.999744 972.8 766.400256
Egg 743.999488 99.200256 900.7994880000001 188.799744
Egg 750.400512 177.60000000000002 894.4005119999999 316.79999999999995
Egg 865.5994880000001 272.00025600000004 1022.4005119999999 406.400256
Egg 935.999488 161.600256 1022.4005119999999 255.999744
