Egg 0.0 763.732992 242.34700800000002 1010.347008
Egg 42.667007999999996 507.73299199999997 300.373248 715.947008
Egg 118.61299199999999 370.347008 296.96025599999996 507.73299199999997
Egg 125.439744 279.892992 255.999744 366.932992
Egg 159.573504 197.12 302.079744 269.652992
Egg 180.907008 137.387008 314.88 200.53299199999998
Egg 207.36 3.412992 305.49350400000003 46.08
Egg 209.06649599999997 31.572992 323.41324799999995 81.067008
Egg 210.77299200000002 84.48 330.24 135.68
Egg 227.840256 49.492992 323.41324799999995 94.72
Egg 378.02649600000007 19.627008 452.266752 61.44
Egg 416.426496 0.0 480.427008 15.36
Egg 422.40000000000003 798.72 649.3870079999999 990.72
Egg 464.212992 163.84 568.3199999999999 208.21299199999999
Egg 485.54649600000005 0.0 552.96 23.04
Egg 494.079744 236.37299199999998 630.613248 308.907008
Egg 535.040256 66.56 637.4399999999999 116.05299199999999
Egg 538.4532479999999 319.147008 725.3329920000001 426.667008
