Egg 42.000384000000004 297.99994 248.999936 461.000037
Egg 268.000256 583.999651 456.99993600000005 689.000183
Egg 325.999616 91.000405 460.99967999999996 208.000325
Egg 394.000384 614.9997520000001 517.000192 727.9998760000001
Egg 428.99967999999996 67.99989599999999 513.999872 214.00001899999998
Egg 629.000192 53.999769 711.000064 188.999612
Egg 668.99968 114.000073 826.999808 229.00009500000002
Egg 686.000128 524.0001880000001 828.99968 660.999929
Egg 723.00032 495.999934 922.999808 573.0002119999999
Egg 757.000192 350.99976 931.0003199999999 429.999936
Egg 764.99968 226.00024800000003 883.0003199999999 337.999582
