Egg 105.32556799999999 409.35675 308.663296 568.71375
Egg 111.176704 269.0055 288.183296 407.895
Egg 191.634432 135.96524999999997 356.936704 301.16925
Egg 212.114432 511.69575000000003 384.731136 692.98275
Egg 286.72 271.92974999999996 427.15443200000004 463.4505
Egg 304.274432 17.544 452.023296 214.91250000000002
Egg 348.16 571.63725 506.14886399999995 747.07575
Egg 358.4 431.28675000000004 545.645568 581.871
Egg 450.56 209.064 633.416704 355.263
Egg 456.41113600000006 23.39175 596.845568 210.5265
Egg 495.908864 355.263 680.2288639999999 500.00025
Egg 512.0 562.8652500000001 655.36 748.5382500000001
Egg 585.143296 106.72500000000001 722.6511360000001 248.538
Egg 607.085568 480.9945000000001 785.554432 653.5087500000001
Egg 646.583296 211.98825000000002 845.531136 368.421
Egg 674.376704 365.49675 868.936704 510.23400000000004
