Egg 360.32 90.24 512.64 207.999744
Egg 0.0 462.72 72.32 605.439744
Egg 0.0 325.119744 161.28 452.480256
Egg 5.12 550.400256 144.0 727.6800000000001
Egg 97.28 204.800256 260.48 338.55974399999997
Egg 215.04 24.96 347.52 150.399744
Egg 294.4 388.479744 442.88 564.48
Egg 618.88 220.79999999999998 741.76 354.560256
Egg 627.84 351.99974399999996 757.76 527.360256
Egg 711.04 489.59999999999997 869.76 677.1202559999999
Egg 740.48 240.63974399999998 869.76 390.39974400000006
Egg 787.84 421.76025599999997 961.28 563.199744
