Egg 0.0 652.160256 52.48 721.280256
Egg 0.0 536.319744 60.16 586.239744
Egg 0.0 403.839744 98.56 534.399744
Egg 5.76 691.839744 62.72 721.280256
Egg 24.32 568.959744 76.16 598.400256
Egg 55.04 613.760256 115.84 664.3199999999999
Egg 61.44 512.000256 119.68 561.2797439999999
Egg 61.44 744.96 126.08 767.360256
Egg 81.28 650.88 134.4 686.7202560000001
Egg 85.12 534.399744 159.36 583.6800000000001
Egg 120.96 697.599744 195.2 767.360256
Egg 123.52 576.0 185.6 631.040256
Egg 130.56 314.88 506.24 604.8
Egg 147.84 606.080256 225.28 656.64
Egg 174.08 742.400256 227.2 764.7997439999999
Egg 191.36 656.64 264.96 723.84
Egg 233.6 695.04 309.12 755.840256
Egg 315.52 582.399744 372.48 644.480256
Egg 351.36 620.7997439999999 408.32 684.159744
Egg 389.76 653.439744 449.28 727.6800000000001
Egg 402.56 278.4 926.72 627.2002560000001
Egg 426.88 716.16 487.68 767.360256
Egg 440.96 618.24 496.64 681.5999999999999
Egg 472.96 743.679744 531.2 767.360256
Egg 483.2 665.600256 536.32 726.399744
Egg 491.52 590.079744 542.72 647.04
Egg 521.6 701.439744 588.16 764.7997439999999
Egg 526.08 624.639744 581.12 685.4399999999999
Egg 570.88 666.8797440000001 636.8 728.960256
Egg 577.28 742.400256 632.96 766.08
Egg 620.8 705.2797439999999 689.92 767.360256
Egg 622.08 631.040256 683.52 698.88
Egg 646.4 232.959744 697.6 279.680256
Egg 648.96 264.96 692.48 302.079744
Egg 651.52 288.63974399999995 703.36 341.76
Egg 663.68 602.240256 725.76 657.920256
Egg 666.24 665.600256 734.72 741.12
Egg 707.2 213.12 811.52 339.200256
Egg 718.72 628.479744 774.4 702.72
Egg 784.0 341.76 844.8 406.400256
Egg 810.24 230.39999999999998 864.64 286.08
Egg 842.24 293.76 901.76 370.56
Egg 848.64 252.800256 921.6 309.759744
Egg 931.84 291.200256 992.64 360.320256
Egg 951.68 323.199744 1009.92 395.52
Egg 968.96 415.359744 1023.36 503.04
