Egg 141.44 355.839744 305.28 439.040256
Egg 193.92 209.91974399999998 294.4 281.600256
Egg 298.24 247.040256 413.44 354.560256
Egg 347.52 137.600256 453.12 241.92000000000002
Egg 376.32 391.68 519.68 517.119744
Egg 394.88 536.960256 535.04 658.5600000000001
Egg 516.48 215.679744 569.6 247.040256
Egg 520.96 247.040256 658.56 346.239744
Egg 538.24 184.959744 580.48 223.359744
Egg 579.2 373.119744 743.04 498.56025600000004
Egg 648.96 536.960256 805.12 690.560256
Egg 707.2 272.64 831.36 401.91974400000004
Egg 776.32 731.52 837.12 767.360256
Egg 789.12 433.91999999999996 931.84 539.52
Egg 823.68 723.2002560000001 871.04 767.360256
Egg 888.32 332.15999999999997 1023.36 446.72025600000006
Egg 915.2 653.439744 1023.36 748.8
Egg 984.96 539.52 1023.36 592.640256
Egg 987.52 510.72 1023.36 542.079744
