Pen 787.2 3.84 1000.32 311.679744
Pen 0.0 489.59999999999997 28.8 642.560256
Pen 0.0 487.68 52.48 767.360256
Pen 20.48 441.59999999999997 114.56 767.360256
Pen 80.0 88.32000000000001 119.68 341.12025600000004
Pen 96.0 493.43999999999994 144.0 767.360256
Pen 125.44 92.799744 159.36 337.280256
Pen 146.56 501.12 195.2 767.360256
Pen 171.52 81.92025600000001 207.36 347.52
Pen 195.2 487.68 243.2 767.360256
Pen 244.48 85.760256 269.44 348.800256
Pen 281.6 90.87974399999999 311.68 341.12025600000004
Pen 312.96 108.15974399999999 339.84 341.12025600000004
Pen 349.44 462.08025599999996 378.88 767.360256
Pen 357.76 85.760256 379.52 341.12025600000004
Pen 385.92 465.27974399999994 414.72 767.360256
Pen 389.76 72.96000000000001 413.44 338.55974399999997
Pen 426.88 81.92025600000001 460.16 330.87974399999996
Pen 434.56 452.480256 461.44 767.360256
Pen 454.4 95.360256 485.12 330.87974399999996
Pen 472.96 462.72 503.68 760.3199999999999
Pen 496.64 84.48 522.24 330.87974399999996
Pen 524.8 457.599744 553.6 767.360256
Pen 568.32 15.999744 611.84 314.88
Pen 569.6 452.480256 608.0 767.360256
Pen 614.4 456.320256 652.8 767.360256
Pen 615.68 30.080256 646.4 316.160256
Pen 651.52 8.960256000000001 687.36 303.99974399999996
Pen 655.36 455.04 714.88 767.360256
Pen 688.64 27.519743999999996 725.76 309.12
Pen 699.52 456.320256 762.88 767.360256
Pen 724.48 17.28 756.48 317.439744
Pen 754.56 522.24 816.0 767.360256
Pen 764.16 30.080256 789.12 303.99974399999996
Pen 800.0 28.799999999999997 831.36 311.04
Pen 835.84 15.999744 867.2 314.88
Pen 868.48 17.28 905.6 303.99974399999996
Pen 904.32 11.52 945.28 302.720256
Pen 941.44 13.440000000000001 981.12 298.880256
