Pen 10.999808 629.000358 376.000512 670.999896
Pen 10.999808 543.999792 380.000256 580.99986
Pen 14.000128 582.999648 382.00012799999996 618.9998220000001
Pen 17.999872 685.000008 384.0 708.9998579999999
Pen 24.000512 750.0002999999999 389.999616 795.000318
Pen 30.000128000000004 407.999844 357.999616 449.00028599999996
Pen 39.000064 474.999924 348.000256 511.99999199999996
Pen 387.00032000000004 397.000212 424.99993600000005 716.9998079999999
Pen 430.000128 393.999732 460.99967999999996 715.00002
Pen 469.999616 378.999726 499.00032000000004 738.99987
Pen 510.000128 383.0001 542.000128 728.000238
Pen 563.00032 391.00005 606.000128 695.99964
Pen 636.99968 383.999994 682.0003839999999 734.0004
