Pen 0.0 410.24025600000004 134.4 767.360256
Pen 0.0 94.08 149.12 339.84000000000003
Pen 112.0 84.48 241.92 351.99974399999996
Pen 155.52 382.08 282.88 764.16
Pen 203.52 108.15974399999999 304.0 339.84000000000003
Pen 323.84 96.63974400000001 385.92 353.28000000000003
Pen 348.8 383.36025600000005 445.44 767.360256
Pen 439.04 84.48 478.72 346.239744
Pen 544.64 385.91999999999996 630.4 757.760256
Pen 547.2 71.03999999999999 626.56 354.560256
Pen 630.4 74.24025599999999 746.88 334.719744
Pen 698.24 385.91999999999996 818.56 767.360256
Pen 728.32 72.96000000000001 847.36 314.88
Pen 801.28 64.640256 972.8 312.320256
Pen 831.36 366.080256 1023.36 767.360256
Pen 883.2 60.800256000000005 1023.36 286.719744
