Motorcycle 348.90200999999996 836.48 510.86888999999996 1006.72
Motorcycle 0.0 653.44 47.373915 783.36
Motorcycle 8.96254 764.16 144.04180000000002 1001.6
Motorcycle 183.73343999999997 244.48 215.74280500000003 286.08
Motorcycle 229.82709 407.04 290.644815 487.68
Motorcycle 254.15418000000003 650.24 350.182275 835.84
Motorcycle 395.63545 616.96 474.378255 764.16
Motorcycle 455.17291 559.36 488.46254000000005 613.76
Motorcycle 518.5511650000001 960.0 665.1541800000001 1023.36
Motorcycle 569.126085 555.52 670.2759249999999 653.44
Motorcycle 576.167885 767.36 684.359525 958.08
