Motorcycle 486.4 284.64901000000003 804.864 656.330695
Motorcycle 3.072 273.385555 58.368 359.39484
Motorcycle 21.504 263.146175 71.68 367.58607
Motorcycle 47.104 264.17025 107.52 394.20790999999997
Motorcycle 73.728 270.314015 149.504 402.39914
Motorcycle 102.4 263.146175 185.344 433.116595
Motorcycle 140.288 245.73964 253.952 460.76250999999996
Motorcycle 176.128 249.83525500000002 326.656 495.57558
Motorcycle 235.52 252.90748 462.848 538.57988
Motorcycle 362.496 246.763715 599.04 602.0629399999999
