Motorcycle 838.4 258.818136 988.16 475.35434399999997
Motorcycle 161.92 193.473462 176.0 209.48922
Motorcycle 177.28 188.34825600000002 200.96 209.48922
Motorcycle 211.84 184.504011 236.8 201.16058999999998
Motorcycle 216.96 206.28579599999998 241.92 246.00580200000002
Motorcycle 365.44 232.55196600000002 554.24 347.867058
Motorcycle 528.64 180.01962600000002 544.64 208.84839899999997
Motorcycle 542.08 189.629217 563.2 228.708402
Motorcycle 561.92 199.87962900000002 595.2 248.568405
Motorcycle 606.08 176.176062 628.48 213.332784
Motorcycle 713.6 221.02059300000002 813.44 340.17993
