Motorcycle 1.28 547.839744 196.48 750.72
Motorcycle 0.0 476.799744 85.12 627.2002560000001
Motorcycle 0.64 408.96 40.32 483.200256
Motorcycle 90.88 442.23974400000003 207.36 529.280256
Motorcycle 134.4 431.36025600000005 288.0 529.280256
Motorcycle 290.56 428.799744 381.44 496.640256
Motorcycle 321.92 456.96 396.16 588.800256
Motorcycle 440.96 418.56000000000006 490.24 462.08025599999996
Motorcycle 491.52 443.52 594.56 489.59999999999997
Motorcycle 526.08 411.519744 570.88 440.96025599999996
Motorcycle 599.68 437.120256 634.24 469.76025599999997
Motorcycle 606.72 419.840256 636.8 451.20000000000005
Motorcycle 654.08 402.56025600000004 692.48 480.63974399999995
Motorcycle 691.2 402.56025600000004 723.2 442.23974400000003
Motorcycle 701.44 414.72 741.12 484.479744
Motorcycle 744.32 411.519744 765.44 448.640256
Motorcycle 744.32 427.520256 769.28 484.479744
Motorcycle 786.56 444.800256 846.08 509.43974399999996
Motorcycle 837.76 424.959744 869.76 485.76
Motorcycle 884.48 411.519744 918.4 454.400256
Motorcycle 887.04 431.36025600000005 977.92 483.200256
