Motorcycle 410.88 415.359744 596.48 689.28
Motorcycle 0.0 362.88 51.2 427.520256
Motorcycle 0.0 428.799744 171.52 641.919744
Motorcycle 48.64 341.76 62.72 380.15999999999997
Motorcycle 55.04 414.72 367.36 702.72
Motorcycle 174.08 376.32 200.32 390.39974400000006
Motorcycle 215.04 362.88 241.28 403.839744
Motorcycle 280.96 357.759744 319.36 396.159744
Motorcycle 343.04 365.439744 366.08 391.68
Motorcycle 428.16 340.479744 472.96 397.43999999999994
Motorcycle 480.64 332.15999999999997 511.36 387.84000000000003
Motorcycle 556.16 345.6 578.56 365.439744
Motorcycle 590.72 343.040256 614.4 368.00025600000004
Motorcycle 660.48 394.88025600000003 798.08 660.48
Motorcycle 697.6 345.6 744.32 418.56000000000006
Motorcycle 754.56 351.99974399999996 807.68 417.27974399999994
Motorcycle 810.24 355.20000000000005 855.04 430.08000000000004
Motorcycle 812.8 350.720256 1023.36 619.520256
Motorcycle 833.92 357.759744 873.6 418.56000000000006
Motorcycle 944.0 402.56025600000004 1023.36 446.079744
Motorcycle 982.4 381.44025600000003 1023.36 442.23974400000003
