Motorcycle 169.706496 169.129447 370.791424 427.30803099999997
Motorcycle 3.202048 103.783938 170.346496 366.447235
Motorcycle 158.179328 124.925044 194.040832 242.803452
Motorcycle 179.311616 71.111483 220.29721600000002 155.035576
Motorcycle 283.057152 72.392744 402.17087999999995 252.41261
Motorcycle 379.757568 96.09637199999999 616.065024 347.868651
Motorcycle 386.801664 80.08031 428.427264 161.441881
Motorcycle 409.216 67.267101 459.807744 199.88030999999998
Motorcycle 521.926656 72.392744 553.306112 123.64378300000001
Motorcycle 548.18304 93.53385 953.555968 588.1089820000001
Motorcycle 555.8671360000001 64.70457900000001 655.7696 194.75526600000003
Motorcycle 555.8671360000001 90.971328 666.015744 201.16157099999998
Motorcycle 808.8258559999999 74.955266 873.505792 174.895421
Motorcycle 836.36224 69.830222 1023.36 452.93385
